ECE 0301 - Sorting Arrays
Unsorted Array:
-0.615467
-0.519456
0.387799
-0.248573
-0.608264
0.314982
-0.10123
-0.569872
0.959227
0.0873135
0.302164
-0.375103
0.460555
0.423811
-0.521653
-0.58153
-0.523057
-0.906491
-0.418317
0.961913
0.712394
-0.487045
0.778191
-0.488021
0.131626
-0.418256
0.986938
-0.542894
-0.866756
0.413678
-0.0621662
-0.606677
-0.429487
0.524216
0.85876
0.314371
-0.567919
0.0381176
0.103122
-0.0231635
-0.00418104
0.478378
0.0325022
-0.495712
0.267251
0.700369
-0.535142
-0.708548
-0.48381
0.532334
-0.997986
0.272317
-0.276894
0.686209
-0.451704
-0.386639
0.748466
0.499863
-0.666555
0.896054
0.0366527
0.0739463
-0.248329
-0.151158
-0.331217
0.366008
-0.670339
-0.306375
0.574084
-0.195898
0.135899
-0.83282
0.714896
0.982238
-0.0558184
-0.718741
-0.942991
0.000335704
0.463118
-0.116611
0.136998
0.0116886
0.945128
0.0809656
-0.960204
-0.460738
-0.514023
-0.408979
-0.400311
-0.875301
-0.670705
-0.921506
-0.364666
0.871212
0.486679
0.54503
0.0334178
0.444014
-0.0133366
-0.168798
-0.508164
0.0900601
-0.934019
0.294595
-0.263955
0.239906
0.613758
-0.274209
-0.980224
0.253945
-0.81756
-0.434187
0.72454
-0.124119
0.87817
0.486068
0.868038
-0.0445265
-0.558763
-0.605396
-0.663747
0.0036317
-0.167577
-0.0692465
0.65038
-0.85815
-0.366619
-0.49028
-0.919187
0.0085757
-0.421796
0.981506
-0.0775475
0.185461
-0.475326
-0.0350047
-0.258522
0.705069
-0.819575
-0.0795618
-0.591968
0.203894
-0.105075
0.0227973
0.726615
0.281655
0.830988
-0.101779
0.475814
0.630604
-0.173132
0.286477
0.671621
-0.503464
0.2631
-0.308451
0.865535
0.0348827
0.245216
0.0831629
-0.709891
0.122837
-0.584582
-0.288675
0.66509
0.192358
-0.294107
0.0968963
-0.524339
0.643849
-0.654164
-0.739799
0.536729
-0.594714
0.43498
0.250954
-0.346538
-0.801752
-0.604175
-0.95941
0.193701
-0.927061
0.617786
0.841182
0.381573
-0.224158
0.604358
0.912229
-0.873043
-0.488388
0.937742
0.918332
-0.797296
-0.337748
-0.628285
0.900204
-0.418439
-0.97467
-0.634083
-0.0787683
-0.254067
0.1348
-0.625782
-0.547349
-0.216834
0.225929
0.199561
0.559435
-0.922178
0.407453
-0.272378
0.948851
-0.585192
-0.39671
-0.648427
0.945982
-0.695547
0.826289
-0.59856
0.456465
-0.656606
0.34611
-0.110752
-0.0195624
-0.577319
-0.685232
-0.116794
-0.26017
-0.40379
0.411481
-0.176428
-0.0185858
-0.578234
-0.930967
0.0921354
0.517808
-0.412641
-0.15421
0.148228
0.569689
0.63506
-0.496628
-0.456526
0.971068
0.594775
-0.645009
-0.871578
-0.199438
0.341288
0.445296
-0.237526
-0.499496
0.486068
0.124607
0.84051
0.547349
Sorted Array:
-0.997986
-0.980224
-0.97467
-0.960204
-0.95941
-0.942991
-0.934019
-0.930967
-0.927061
-0.922178
-0.921506
-0.919187
-0.906491
-0.875301
-0.873043
-0.871578
-0.866756
-0.85815
-0.83282
-0.819575
-0.81756
-0.801752
-0.797296
-0.739799
-0.718741
-0.709891
-0.708548
-0.695547
-0.685232
-0.670705
-0.670339
-0.666555
-0.663747
-0.656606
-0.654164
-0.648427
-0.645009
-0.634083
-0.628285
-0.625782
-0.615467
-0.608264
-0.606677
-0.605396
-0.604175
-0.59856
-0.594714
-0.591968
-0.585192
-0.584582
-0.58153
-0.578234
-0.577319
-0.569872
-0.567919
-0.558763
-0.547349
-0.542894
-0.535142
-0.524339
-0.523057
-0.521653
-0.519456
-0.514023
-0.508164
-0.503464
-0.499496
-0.496628
-0.495712
-0.49028
-0.488388
-0.488021
-0.487045
-0.48381
-0.475326
-0.460738
-0.456526
-0.451704
-0.434187
-0.429487
-0.421796
-0.418439
-0.418317
-0.418256
-0.412641
-0.408979
-0.40379
-0.400311
-0.39671
-0.386639
-0.375103
-0.366619
-0.364666
-0.346538
-0.337748
-0.331217
-0.308451
-0.306375
-0.294107
-0.288675
-0.276894
-0.274209
-0.272378
-0.263955
-0.26017
-0.258522
-0.254067
-0.248573
-0.248329
-0.237526
-0.224158
-0.216834
-0.199438
-0.195898
-0.176428
-0.173132
-0.168798
-0.167577
-0.15421
-0.151158
-0.124119
-0.116794
-0.116611
-0.110752
-0.105075
-0.101779
-0.10123
-0.0795618
-0.0787683
-0.0775475
-0.0692465
-0.0621662
-0.0558184
-0.0445265
-0.0350047
-0.0231635
-0.0195624
-0.0185858
-0.0133366
-0.00418104
0.000335704
0.0036317
0.0085757
0.0116886
0.0227973
0.0325022
0.0334178
0.0348827
0.0366527
0.0381176
0.0739463
0.0809656
0.0831629
0.0873135
0.0900601
0.0921354
0.0968963
0.103122
0.122837
0.124607
0.131626
0.1348
0.135899
0.136998
0.148228
0.185461
0.192358
0.193701
0.199561
0.203894
0.225929
0.239906
0.245216
0.250954
0.253945
0.2631
0.267251
0.272317
0.281655
0.286477
0.294595
0.302164
0.314371
0.314982
0.341288
0.34611
0.366008
0.381573
0.387799
0.407453
0.411481
0.413678
0.423811
0.43498
0.444014
0.445296
0.456465
0.460555
0.463118
0.475814
0.478378
0.486068
0.486068
0.486679
0.499863
0.517808
0.524216
0.532334
0.536729
0.54503
0.547349
0.559435
0.569689
0.574084
0.594775
0.604358
0.613758
0.617786
0.630604
0.63506
0.643849
0.65038
0.66509
0.671621
0.686209
0.700369
0.705069
0.712394
0.714896
0.72454
0.726615
0.748466
0.778191
0.826289
0.830988
0.84051
0.841182
0.85876
0.865535
0.868038
0.871212
0.87817
0.896054
0.900204
0.912229
0.918332
0.937742
0.945128
0.945982
0.948851
0.959227
0.961913
0.971068
0.981506
0.982238
0.986938
